996.7374208432676
996.7339088824596
996.7370163484285
996.735845689947
996.7406080238698
996.7382667002828
996.7242616636026
996.723857108461
996.7262780811719
996.7284171466596
996.7280125688795
996.7391921406453
996.7358823777831
996.7389898527915
996.7396763393418
996.7387875602326
727.659192860395
1007.6025063472863
1007.600516101398
1007.6193997843736
1007.617404856598
1007.5970568947818
1007.5986559192831
1007.595489521282
1007.8344281620246
1007.8293318103923
1007.845231939616
1007.8310664068226
1007.8342820306419
1007.8303847336313
1007.8594721423416
1007.8629839806944
1007.8723488127448
1007.861798638279
1007.8432470072723
1007.868911004843
1007.8691923695128
1007.8561821903781
1007.8697394909831
1007.8794000728245
1007.8982320890282
1007.8827190972453
1007.8544920051615
1007.8664934503134
1007.8752799207033
1007.8836657170833
1007.874655083338
1007.8713201250196
1007.8902390447336
1007.9086684002115
1008.0005523887652
1008.0166453067372
1008.0480345960427
1008.0927680798841
1008.1079112721001
