20.422499136720127
20.423459064825146
20.42441899272553
20.424738968646853
20.42569889627439
20.426338847912394
20.424738968646853
20.426658823697288
20.428258702280708
20.42857867792918
20.43049853134253
20.43241838393733
20.43241838393733
20.433378309927775
20.432738359290216
20.434338235713586
23.65149898293894
21.799785418151806
21.787630030715082
21.7153367850271
21.703181169489106
21.68878631915313
21.675670970983266
21.660636256548152
22.005782254125734
21.998105522572224
21.9933075587006
21.989469183919844
21.98723013045237
21.990108913277346
21.98850958971307
21.987549995301652
21.984991075870767
21.98243215498469
21.981152693995956
21.977314308846964
21.973156054574066
21.96356006850947
21.959401801526383
21.958122333989287
21.95524353070068
21.958122333989287
21.952684592898002
21.950765388591027
21.951085256032364
21.947886580595785
21.937650803919222
21.932213038089685
21.926135527327553
21.919738138710365
21.46677990780472
21.466460005939005
21.44470662572858
21.386163918552757
21.390642622502764
